%YAML:1.0
cam_K: !!opencv-matrix
   rows: 3
   cols: 3
   dt: d
   data: [ 7.6718162395608124e+002, 0., 2.7506381672062508e+002, 0.,
       7.6236767302283613e+002, 2.6698073303433262e+002, 0., 0., 1. ]
cam_kc: !!opencv-matrix
   rows: 1
   cols: 5
   dt: d
   data: [ 3.0558238144134414e-001, -1.2528622856184217e+000,
       8.7156000650270467e-003, -1.8120825419102191e-002, 0. ]
proj_K: !!opencv-matrix
   rows: 3
   cols: 3
   dt: d
   data: [ 3.1617765961644722e+002, 0., 5.9519858502746523e+001, 0.,
       3.0649207028289982e+002, 3.3026989119703906e+001, 0., 0., 1. ]
proj_kc: !!opencv-matrix
   rows: 1
   cols: 5
   dt: d
   data: [ 3.4297476257756487e-001, 9.6689012284663747e+000,
       -3.7360512802976309e-002, -9.8955553578773184e-003, 0. ]
R: !!opencv-matrix
   rows: 3
   cols: 3
   dt: d
   data: [ 9.0965358055436107e-001, -8.0023098238017107e-002,
       -4.0758639223239446e-001, 1.0678092751119318e-001,
       9.9333982044188129e-001, 4.3287811729636402e-002,
       4.0140776886413143e-001, -8.2899365937742872e-002,
       9.1214006502435818e-001 ]
T: !!opencv-matrix
   rows: 3
   cols: 1
   dt: d
   data: [ 2.3437751062681275e+002, 5.9037087780716178e+001,
       5.4252285638964520e+002 ]
cam_error: 7.9009413106020929e-002
proj_error: 2.5550177749390442e-002
stereo_error: 7.7917476934087182e-002
