%YAML:1.0
cam_K: !!opencv-matrix
   rows: 3
   cols: 3
   dt: d
   data: [ 1.3901856153976448e+003, 0., 3.1904951730820193e+002, 0.,
       1.3429619130508704e+003, 2.5893999215802575e+002, 0., 0., 1. ]
cam_kc: !!opencv-matrix
   rows: 1
   cols: 5
   dt: d
   data: [ 7.1473198174305808e-001, -8.4360352293474481e+000,
       1.3103040602716488e-002, 1.3827043910951391e-002, 0. ]
proj_K: !!opencv-matrix
   rows: 3
   cols: 3
   dt: d
   data: [ 7.1750986401125238e+002, 0., 1.1634353727043808e+002, 0.,
       6.8948280309235929e+002, 5.2639566446994039e+001, 0., 0., 1. ]
proj_kc: !!opencv-matrix
   rows: 1
   cols: 5
   dt: d
   data: [ 4.2636644881274516e-001, -1.2540145151734109e+001,
       -3.6853012437826307e-002, -6.9218994242400064e-003, 0. ]
R: !!opencv-matrix
   rows: 3
   cols: 3
   dt: d
   data: [ 9.8389984261017138e-001, -2.4477344271117557e-002,
       1.7703660448933498e-001, -1.9515623189220392e-002,
       9.6993875992346024e-001, 2.4256533645530762e-001,
       -1.7765201986810167e-001, -2.4211497602497331e-001,
       9.5384490260272936e-001 ]
T: !!opencv-matrix
   rows: 3
   cols: 1
   dt: d
   data: [ -1.5641951251156016e+002, -1.6225927716160876e+002,
       1.0964270037161972e+002 ]
cam_error: 6.6164799826779974e-002
proj_error: 3.3167143458110067e-002
stereo_error: 6.7902192795076088e-002
