%YAML:1.0
cam_K: !!opencv-matrix
   rows: 3
   cols: 3
   dt: d
   data: [ 9.6225841139984573e+002, 0., 3.1569048348466424e+002, 0.,
       8.7943729834942042e+002, 1.9556786553679262e+002, 0., 0., 1. ]
cam_kc: !!opencv-matrix
   rows: 1
   cols: 5
   dt: d
   data: [ -1.4738598298564021e-001, 1.2525281905619398e+001,
       -1.2123030594468375e-002, -4.0498316496839137e-003, 0. ]
proj_K: !!opencv-matrix
   rows: 3
   cols: 3
   dt: d
   data: [ 6.5518056992362619e+002, 0., 1.4671592129347692e+002, 0.,
       6.3169203955232388e+002, 6.5996790402616327e+001, 0., 0., 1. ]
proj_kc: !!opencv-matrix
   rows: 1
   cols: 5
   dt: d
   data: [ -2.3521513581686465e-001, 1.7234433504545130e+001,
       -2.4240188001915963e-002, 1.0231900763813702e-002, 0. ]
R: !!opencv-matrix
   rows: 3
   cols: 3
   dt: d
   data: [ 8.1042660631897467e-001, -5.7172774240324013e-002,
       -5.8304372876824140e-001, 2.9484250844451006e-002,
       9.9794585669107805e-001, -5.6874828045910063e-002,
       5.8509776509780920e-001, 2.8902266325935254e-002,
       8.1044757034540715e-001 ]
T: !!opencv-matrix
   rows: 3
   cols: 1
   dt: d
   data: [ 3.3395419781703799e+002, 3.9314128898963865e+001,
       5.1181196878814063e+002 ]
cam_error: 1.1576198605713402e-001
proj_error: 5.8736502659002134e-002
stereo_error: 9.6823961110555176e-002
